joint_angles:
    vertical_pose: [0.0, 0.0, 0.0, 0.0, 0.0, 0.0, 0.0]
    #intermediate_pick_pose: [179.0, 17.0, 182.0, 231.0, 0.0, 56.0, 92.0]
    perceive_right_pose: [220.6 , 340.0 , 344.8 , 285.5 , 4.6 , 271.9 , 115.1]
    intermediate_place_pose_right: [220.6 , 340.0 , 344.8 , 285.5 , 4.6 , 271.9 , 115.1]
    place_pose_right: [220.9 , 334.3 , 346.2 , 266.1 , 6.1 , 297.7 , 113.2]
    perceive_left_pose: [181.1 , 341.8 , 331.5 , 281.2 , 6.6 , 274.0 , 62.4]
    intermediate_place_pose_left: [163.2 , 325.5 , 344.7 , 308.3 , 8.1 , 264.6 , 57.9]
    place_pose_left: [160.9 , 315.3 , 347.2 , 282.1 , 9.9 , 300.7 , 53.2]
    demo_pose: [215.070602417, 355.983215332, 327.985229492, 278.106719971, 4.49846887589, 354.735626221, 88.8878555298] 
